标题,视频链接
